1    1.0    0.0    0.0
2    1.0    0.0    0.0
3    1.0    0.0    0.0
4    1.0    0.0    0.0
5    0.0    1.0    0.0
6    0.0    1.0    0.0
7    0.0    1.0    0.0
8    0.081    0.919    0.0
9    0.0    0.884    0.116
10    0.0    0.8515    0.1485
11    0.0    0.821    0.179
12    0.0    0.7825    0.2175
13    0.0    0.7335    0.2665
14    0.0    0.716    0.284
15    0.0    0.6475    0.3525
16    0.0    0.63    0.37
17    0.0    0.595    0.405
18    0.0    0.5635    0.4365
19    0.0    0.5065    0.4935
20    0.0    0.504    0.496
21    0.0    0.4675    0.5325
22    0.0    0.4355    0.5645
23    0.0    0.4225    0.5775
24    0.0    0.3755    0.6245
25    0.0    0.3585    0.6415
26    0.0    0.3545    0.6455
27    0.0    0.3415    0.6585
28    0.0    0.312    0.688
29    0.0    0.2975    0.7025
